100 6
665 860
2154 4769
1114 4609
3921 6742
881 3549
5077 8763
1186 9763
6919 6926
2942 8735
3391 5996
1709 3397
2562 3110
7759 8532
5073 7544
7428 9524
915 7344
3036 9375
802 7404
5457 8583
1260 7854
820 9319
3777 5949
67 8886
4835 6067
739 1123
3367 5730
8529 8999
9084 9228
1667 7778
25 1159
496 7620
3895 6423
8840 9012
3724 7041
3241 3642
2321 8093
1557 6239
1544 6902
1489 2776
6334 7645
2460 7987
6796 8910
4140 8296
5826 8390
1993 9757
6161 7962
1820 9469
7527 8224
6340 6883
1760 3741
1910 8785
3306 5654
8030 9962
3292 6469
2825 5659
8600 9831
1346 7907
636 7454
9293 9380
4690 7247
6971 8919
6960 9428
7168 7761
2429 4597
7552 8176
2476 4617
7175 8565
21 3108
4262 7912
8456 9514
1728 6458
6669 9898
5155 9780
3309 7510
2905 3106
6259 8546
3124 5186
7149 7327
1686 6304
926 8662
1068 4976
3053 4740
4014 6456
310 471
5206 8453
1216 6937
5868 7268
1825 5446
4979 5686
6609 8765
7328 8500
2684 7488
3413 4382
142 5239
3608 7754
6576 9708
7152 9771
3717 8816
7893 9333
7771 8718
